0.5m
[-67, -72, -69, -67, -67, -72, -71, -67, -67, -72, -69, -68, -72, -68, -67, -69, -67, -68, -67, -72, -72, -72, -69, -66, -69, -67, -72, -68, -68, -68, -68, -67, -67, -68]

1m
[-76, -72, -76, -69, -72, -69, -78, -69, -71, -76, -72, -72, -75, -72, -70, -71, -69, -76, -70, -71, -71, -77, -69, -76, -72, -76, -69, -72, -69, -71, -76, -71, -73, -70, -77]
[-78, -68, -69, -79, -71, -69, -71, -69, -78, -69, -78, -70, -76, -70, -76, -70, -76, -70, -71, -71, -70, -70, -71, -71, -76, -71, -69, -77, -69, -78, -71, -76, -69, -77]

1.5m
[-85, -78, -78, -85, -77, -77, -76, -82, -82, -82, -78, -80, -82, -79, -78, -77, -87, -79, -85, -78, -85, -82, -85, -83, -77, -83, -84, -85, -87, -78, -86, -84, -84, -78, -82]

2m
[-70, -72, -70, -73, -71, -71, -73, -70, -69, -72, -71, -72, -72, -71, -71, -72, -71, -73, -70, -69, -72, -72, -69, -73, -69, -73, -69, -73, -71, -71, -73, -71, -69, -71, -69]

2.5m
[-71, -79, -72, -78, -72, -70, -78, -79, -72, -77, -70, -72, -77, -77, -70, -71, -71, -78, -72, -79, -69, -77, -71, -70, -70, -70, -72, -69, -75, -69, -73, -69, -72, -70]

3m
[-82, -78, -80, -72, -81, -77, -80, -72, -77, -77, -77, -80, -77, -72, -75, -72, -78, -72, -77, -72, -76, -72, -76, -76, -72, -81, -72, -80, -77, -78, -75, -78, -76, -79, -76, -79]
